-1.8 52.3 107.9 1769826708
4.7 60.1 9.9 1769827008
14.7 17.9 143.1 1769827308
23.4 23.0 84.3 1769827608
2.2 62.8 44.2 1769827908
-4.1 88.2 68.8 1769828208
14.7 30.7 78.0 1769828508
26.6 94.6 33.0 1769828808
6.5 41.1 137.8 1769829108
8.0 99.1 79.1 1769829408
9.5 59.4 103.2 1769829708
11.3 72.8 76.1 1769830008
4.2 54.9 117.1 1769830308
25.4 93.1 94.7 1769830608
22.9 31.0 4.6 1769830908
-2.4 95.3 22.5 1769831208
0.0 37.3 79.2 1769831508
14.5 5.4 101.3 1769831808
4.4 24.5 65.5 1769832108
28.4 3.8 80.9 1769832408
13.6 34.2 84.9 1769832708
16.1 69.4 54.3 1769833008
6.9 36.2 34.6 1769833308
-0.9 84.4 76.1 1769833608
3.5 39.4 111.3 1769833908
-4.6 2.0 69.9 1769834208
3.7 49.6 118.0 1769834508
20.1 31.5 70.4 1769834808
10.7 32.2 64.0 1769835108
22.8 9.6 29.5 1769835408
26.3 76.8 146.9 1769835708
16.7 60.0 3.8 1769836008
-3.0 85.3 9.8 1769836308
-2.7 19.6 49.7 1769836608
15.7 94.3 22.6 1769836908
15.4 40.2 43.4 1769837208
11.0 67.0 99.5 1769837508
20.5 74.2 2.5 1769837808
16.0 67.3 122.0 1769838108
26.2 40.3 123.7 1769838408
26.4 75.1 17.6 1769838708
7.2 37.4 118.4 1769839008
10.1 66.7 81.4 1769839308
14.8 55.4 3.6 1769839608
-5.0 52.4 6.4 1769839908
17.3 88.9 2.7 1769840208
2.9 42.5 137.1 1769840508
30.0 97.6 37.3 1769840808
19.9 6.7 0.6 1769841108
19.5 11.4 48.8 1769841408
14.0 55.4 33.8 1769841708
17.3 4.5 36.4 1769842008
22.6 67.1 66.0 1769842308
25.8 40.1 128.6 1769842608
19.2 9.5 117.3 1769842908
1.1 40.3 128.2 1769843208
16.1 90.6 36.1 1769843508
0.9 95.3 93.0 1769843808
6.5 31.7 11.7 1769844108
11.0 7.5 28.1 1769844408
-1.1 60.9 81.8 1769844708
20.8 64.9 91.0 1769845008
7.7 49.6 124.9 1769845308
28.6 97.4 9.2 1769845608
5.3 83.1 112.9 1769845908
-0.6 33.6 10.2 1769846208
16.6 46.9 110.5 1769846508
21.4 35.9 88.4 1769846808
23.2 89.8 146.3 1769847108
19.8 42.9 77.6 1769847408
12.6 8.8 79.3 1769847708
27.9 33.4 112.4 1769848008
3.7 39.8 38.1 1769848308
0.6 93.1 143.7 1769848608
17.3 26.7 11.8 1769848908
26.6 62.3 137.2 1769849208
14.2 13.4 91.4 1769849508
25.2 78.8 140.7 1769849808
26.5 50.9 39.1 1769850108
1.4 31.1 30.0 1769850408
11.3 47.4 7.3 1769850708
23.7 35.4 41.7 1769851008
22.4 19.5 121.3 1769851308
24.8 64.3 45.0 1769851608
25.5 34.6 148.9 1769851908
-0.8 13.1 79.5 1769852208
7.8 39.9 90.9 1769852508
5.6 77.3 98.6 1769852808
6.3 15.5 78.5 1769853108
17.1 72.7 4.7 1769853408
5.3 49.5 112.4 1769853708
19.1 4.6 91.6 1769854008
-1.7 56.2 92.7 1769854308
10.4 22.2 47.0 1769854608
-2.5 84.7 75.9 1769854908
3.1 58.4 134.6 1769855208
27.5 59.1 60.9 1769855508
-3.5 85.7 50.1 1769855808
7.9 42.8 31.4 1769856108
27.0 94.7 71.9 1769856408
3.8 11.7 145.6 1769856708
2.8 27.6 101.5 1769857008
3.5 66.6 23.2 1769857308
19.5 49.7 110.6 1769857608
-0.6 3.2 84.9 1769857908
25.2 64.6 75.5 1769858208
23.3 19.6 11.4 1769858508
19.1 12.6 24.1 1769858808
12.0 27.1 89.2 1769859108
4.6 81.5 31.8 1769859408
0.9 55.1 17.2 1769859708
4.4 97.0 86.0 1769860008
10.0 83.9 107.2 1769860308
13.2 84.6 69.8 1769860608
11.7 85.5 70.0 1769860908
0.7 71.8 131.4 1769861208
16.4 10.1 38.1 1769861508
4.1 73.8 51.9 1769861808
11.8 95.6 51.9 1769862108
-1.9 24.4 52.0 1769862408
27.7 29.7 150.0 1769862708
9.9 25.8 44.9 1769863008
17.9 74.4 16.0 1769863308
17.7 56.6 91.9 1769863608
22.5 10.0 96.5 1769863908
14.8 68.9 71.0 1769864208
12.0 54.1 92.9 1769864508
19.5 87.2 29.5 1769864808
-2.2 48.6 101.0 1769865108
7.7 53.8 140.2 1769865408
-4.1 84.6 43.8 1769865708
14.3 76.8 63.4 1769866008
-1.2 78.4 97.6 1769866308
21.4 19.2 32.0 1769866608
-5.0 71.6 23.2 1769866908
21.7 50.8 85.0 1769867208
24.7 1.9 120.3 1769867508
23.7 30.6 147.4 1769867808
26.3 81.5 6.9 1769868108
9.2 28.3 104.7 1769868408
18.0 41.3 132.2 1769868708
1.5 99.5 148.8 1769869008
18.5 47.4 149.5 1769869308
11.9 82.6 70.0 1769869608
-0.7 15.2 84.7 1769869908
15.4 7.4 59.6 1769870208
-4.9 57.8 54.6 1769870508
7.1 38.6 61.5 1769870808
8.6 31.5 105.2 1769871108
20.9 44.4 15.4 1769871408
17.1 64.2 118.3 1769871708
9.5 2.6 7.6 1769872008
26.5 96.9 88.7 1769872308
24.4 14.1 64.6 1769872608
12.8 81.1 28.6 1769872908
-3.2 73.1 3.0 1769873208
11.6 78.9 7.2 1769873508
9.6 22.6 110.5 1769873808
19.1 70.1 89.2 1769874108
24.6 67.2 124.9 1769874408
-1.2 88.1 5.5 1769874708
13.5 63.1 13.0 1769875008
0.5 99.0 89.1 1769875308
10.0 24.6 51.8 1769875608
3.7 19.8 142.7 1769875908
21.9 92.1 125.4 1769876208
27.9 68.5 70.0 1769876508
3.0 63.9 107.6 1769876808
18.4 26.7 33.9 1769877108
15.3 10.5 54.4 1769877408
22.8 52.0 7.0 1769877708
10.4 59.7 61.9 1769878008
25.5 68.0 116.9 1769878308
13.7 19.0 64.2 1769878608
3.1 39.3 84.9 1769878908
5.0 67.1 2.5 1769879208
-4.5 15.1 27.9 1769879508
21.2 5.8 149.8 1769879808
18.9 91.2 9.3 1769880108
-2.3 31.6 120.7 1769880408
4.4 95.0 109.5 1769880708
17.2 52.0 138.8 1769881008
9.4 53.3 77.9 1769881308
8.7 72.0 140.7 1769881608
26.7 81.9 36.2 1769881908
-1.4 43.8 2.3 1769882208
27.0 0.6 113.5 1769882508
28.7 92.3 142.9 1769882808
22.2 30.6 80.2 1769883108
12.9 11.8 136.7 1769883408
16.6 17.3 123.7 1769883708
10.9 47.1 56.2 1769884008
2.9 88.8 76.3 1769884308
25.3 32.7 37.4 1769884608
12.1 48.4 68.4 1769884908
2.3 76.7 117.9 1769885208
-0.1 78.0 60.8 1769885508
28.3 4.9 12.7 1769885808
20.2 47.9 0.0 1769886108
25.5 8.4 6.6 1769886408
19.8 90.3 142.9 1769886708
7.7 44.6 77.5 1769887008
-4.8 27.1 130.8 1769887308
10.5 33.0 47.5 1769887608
-0.8 31.0 131.1 1769887908
21.8 84.2 74.0 1769888208
3.8 82.8 93.8 1769888508
7.8 69.1 85.2 1769888808
12.5 79.4 25.3 1769889108
17.7 69.4 64.9 1769889408
-4.6 76.3 26.1 1769889708
7.9 67.0 35.4 1769890008
9.8 14.1 126.3 1769890308
25.7 60.3 39.6 1769890608
19.1 36.9 16.5 1769890908
7.8 84.5 6.4 1769891208
27.6 18.6 35.3 1769891508
17.5 15.4 132.8 1769891808
10.8 94.0 43.8 1769892108
4.4 81.4 145.9 1769892408
22.5 18.3 134.1 1769892708
-5.0 22.4 96.0 1769893008
24.4 20.6 103.0 1769893308
1.7 15.0 64.8 1769893608
5.4 83.6 41.1 1769893908
18.3 55.6 94.8 1769894208
19.8 72.3 140.4 1769894508
-1.1 6.0 10.2 1769894808
23.2 5.9 47.1 1769895108
24.4 0.0 73.7 1769895408
29.5 67.4 146.4 1769895708
18.7 89.8 40.8 1769896008
8.1 53.3 116.8 1769896308
24.9 20.4 35.0 1769896608
26.8 32.9 54.9 1769896908
29.3 50.3 130.0 1769897208
18.3 39.1 100.6 1769897508
6.1 1.9 148.8 1769897808
11.5 2.1 17.2 1769898108
19.9 45.9 24.3 1769898408
1.7 4.6 95.0 1769898708
25.6 14.8 117.4 1769899008
0.2 80.6 81.2 1769899308
7.6 16.2 51.8 1769899608
-2.4 34.8 20.4 1769899908
9.0 16.8 60.7 1769900208
23.5 29.2 38.8 1769900508
17.0 78.3 91.4 1769900808
-1.3 47.9 106.8 1769901108
1.6 3.3 67.4 1769901408
17.8 52.0 125.3 1769901708
2.0 30.5 140.6 1769902008
27.1 32.8 28.7 1769902308
14.0 77.1 108.2 1769902608
24.4 71.6 128.0 1769902908
5.6 24.3 97.9 1769903208
21.7 6.7 81.0 1769903508
21.5 45.4 102.7 1769903808
-4.3 92.8 72.8 1769904108
6.8 29.6 121.3 1769904408
25.8 95.0 86.3 1769904708
6.6 4.0 88.1 1769905008
2.9 3.6 138.2 1769905308
13.2 58.2 72.9 1769905608
8.0 4.3 27.4 1769905908
22.0 98.8 107.3 1769906208
1.4 77.9 39.4 1769906508
0.4 22.0 146.9 1769906808
20.3 65.3 43.3 1769907108
24.5 31.2 107.7 1769907408
21.6 62.0 17.2 1769907708
14.0 46.9 81.6 1769908008
17.6 62.6 105.5 1769908308
14.4 79.1 130.0 1769908608
22.5 28.1 133.2 1769908908
25.7 26.4 108.5 1769909208
16.9 40.8 71.9 1769909508
17.1 0.3 67.6 1769909808
11.9 16.9 148.0 1769910108
19.3 83.6 61.7 1769910408
4.7 52.9 73.6 1769910708
7.9 2.3 79.6 1769911008
5.0 21.7 147.5 1769911308
23.9 11.2 73.1 1769911608
11.9 2.9 87.7 1769911908
22.4 29.3 42.4 1769912208
18.2 81.4 122.1 1769912508
16.8 67.4 82.6 1769912808
27.6 40.5 103.1 1769913108
17.2 83.5 40.1 1769913408
5.8 61.8 91.7 1769913708
27.2 25.1 60.8 1769914008
26.1 21.2 128.1 1769914308
1.0 74.1 134.2 1769914608
17.4 73.9 149.5 1769914908
27.3 23.7 72.8 1769915208
1.8 53.8 49.0 1769915508
-4.9 82.2 60.5 1769915808
19.4 47.7 128.8 1769916108
20.1 28.3 27.9 1769916408
7.2 41.2 89.6 1769916708
27.3 94.0 95.6 1769917008
6.8 66.9 2.3 1769917308
5.8 7.8 124.7 1769917608
7.2 72.9 53.2 1769917908
22.3 67.3 88.4 1769918208
26.9 99.0 126.1 1769918508
5.6 73.8 86.6 1769918808
8.2 53.7 24.8 1769919108
29.9 73.3 76.5 1769919408
16.2 53.3 91.1 1769919708
-4.1 96.1 89.7 1769920008
-2.0 71.1 135.8 1769920308
19.7 1.6 54.3 1769920608
20.5 6.7 109.3 1769920908
24.1 44.7 6.9 1769921208
19.6 89.8 75.3 1769921508
3.1 90.3 42.4 1769921808
4.5 6.9 128.9 1769922108
27.6 2.4 25.9 1769922408
21.4 42.3 93.9 1769922708
4.4 77.6 123.6 1769923008
29.0 34.9 6.8 1769923308
2.9 66.8 57.4 1769923608
16.9 25.5 61.8 1769923908
-3.7 30.9 64.3 1769924208
24.2 41.2 52.3 1769924508
27.4 14.8 90.2 1769924808
-2.9 60.0 8.0 1769925108
9.3 99.3 23.0 1769925408
16.2 37.3 75.6 1769925708
17.9 57.6 146.3 1769926008
4.7 63.0 111.2 1769926308
19.5 69.8 29.5 1769926608
16.9 20.7 52.0 1769926908
9.1 82.7 1.8 1769927208
-4.6 30.0 87.7 1769927508
23.6 84.3 14.8 1769927808
-3.4 76.8 60.8 1769928108
2.7 83.5 61.0 1769928408
16.3 53.8 63.8 1769928708
9.7 35.1 127.0 1769929008
17.5 32.0 12.6 1769929308
28.7 50.5 127.5 1769929608
1.4 61.5 71.8 1769929908
-4.1 37.5 113.7 1769930208
2.7 66.9 117.3 1769930508
23.7 7.3 74.9 1769930808
9.3 71.5 69.8 1769931108
18.7 81.6 1.3 1769931408
26.8 66.2 139.0 1769931708
25.7 26.5 42.0 1769932008
-3.0 43.7 139.7 1769932308
27.9 77.0 5.4 1769932608
7.5 50.4 12.3 1769932908
11.5 57.6 80.7 1769933208
-0.2 6.9 41.9 1769933508
1.1 73.2 130.8 1769933808
24.3 8.9 113.5 1769934108
13.0 72.6 30.3 1769934408
19.2 9.4 107.9 1769934708
20.8 94.0 85.4 1769935008
6.2 92.1 90.8 1769935308
0.9 21.1 18.2 1769935608
-2.3 38.3 69.5 1769935908
3.8 95.7 53.0 1769936208
28.7 40.7 116.6 1769936508
-1.8 91.0 90.8 1769936808
14.9 50.4 110.0 1769937108
3.7 2.7 92.2 1769937408
18.4 1.5 48.0 1769937708
1.2 36.3 23.3 1769938008
12.2 85.6 13.0 1769938308
23.9 89.7 33.0 1769938608
-3.6 18.9 52.7 1769938908
22.2 94.3 8.1 1769939208
-2.2 58.1 136.2 1769939508
29.9 19.7 90.4 1769939808
29.1 12.4 36.8 1769940108
17.7 51.2 1.4 1769940408
28.9 85.0 40.2 1769940708
24.2 34.9 110.3 1769941008
7.6 2.6 62.6 1769941308
-3.1 28.7 149.1 1769941608
28.2 25.0 106.3 1769941908
1.1 30.8 50.8 1769942208
-2.9 76.4 59.2 1769942508
24.6 29.4 95.9 1769942808
20.5 2.6 37.9 1769943108
-1.3 36.4 34.7 1769943408
23.4 26.3 46.2 1769943708
4.3 30.1 78.8 1769944008
8.6 83.4 105.3 1769944308
16.8 62.8 74.2 1769944608
24.4 19.5 144.5 1769944908
-2.3 12.0 127.5 1769945208
5.0 6.7 140.1 1769945508
15.2 18.8 56.3 1769945808
28.5 37.4 68.2 1769946108
5.6 11.9 101.3 1769946408
28.1 77.9 148.9 1769946708
26.8 69.2 41.2 1769947008
-0.6 69.6 56.5 1769947308
17.6 15.1 34.6 1769947608
21.0 5.3 111.9 1769947908
29.5 4.2 133.1 1769948208
11.2 93.9 97.7 1769948508
6.8 19.6 20.5 1769948808
2.8 16.3 86.0 1769949108
28.0 26.0 80.1 1769949408
22.3 62.9 67.2 1769949708
21.0 4.1 29.8 1769950008
-4.5 78.7 119.5 1769950308
17.0 60.2 110.9 1769950608
7.2 73.2 82.4 1769950908
17.8 10.7 71.2 1769951208
21.6 14.5 86.2 1769951508
21.5 56.2 10.0 1769951808
14.7 10.8 134.3 1769952108
20.5 63.2 58.8 1769952408
3.3 61.4 57.9 1769952708
5.2 40.3 101.1 1769953008
14.3 83.1 60.1 1769953308
6.8 59.4 101.5 1769953608
21.2 91.2 133.8 1769953908
-4.4 17.2 2.7 1769954208
6.5 24.7 39.4 1769954508
-1.3 46.0 101.2 1769954808
6.7 51.8 38.7 1769955108
26.3 70.6 6.4 1769955408
10.1 40.9 49.4 1769955708
11.6 69.8 122.3 1769956008
15.8 4.6 10.0 1769956308
0.7 24.1 69.1 1769956608
-1.8 33.5 38.2 1769956908
17.3 52.1 97.8 1769957208
-3.3 7.2 89.0 1769957508
6.1 97.7 64.5 1769957808
-0.8 9.0 54.8 1769958108
-1.5 52.1 57.6 1769958408
29.9 46.2 6.5 1769958708
20.6 54.6 114.9 1769959008
28.7 20.7 141.3 1769959308
22.1 23.1 45.9 1769959608
0.0 65.3 56.7 1769959908
27.3 57.2 68.5 1769960208
25.3 28.0 102.1 1769960508
-2.3 39.8 138.0 1769960808
9.2 68.3 48.4 1769961108
7.3 17.1 96.8 1769961408
5.0 34.5 105.9 1769961708
11.9 48.3 19.8 1769962008
11.9 96.2 1.4 1769962308
18.8 88.0 55.0 1769962608
9.2 88.1 60.2 1769962908
11.6 45.2 119.9 1769963208
2.8 37.2 129.0 1769963508
-2.9 42.5 146.5 1769963808
7.0 1.5 138.6 1769964108
26.3 20.7 134.2 1769964408
27.1 15.6 46.7 1769964708
-3.3 13.3 92.3 1769965008
1.6 0.7 124.4 1769965308
29.8 74.8 98.7 1769965608
26.2 71.2 102.4 1769965908
6.9 55.2 144.4 1769966208
21.4 49.3 80.1 1769966508
22.8 34.9 84.4 1769966808
17.5 17.2 88.4 1769967108
11.0 4.8 113.6 1769967408
12.7 3.8 27.9 1769967708
21.2 15.1 94.1 1769968008
17.6 79.2 134.3 1769968308
24.2 3.9 62.8 1769968608
23.1 12.3 50.0 1769968908
19.3 93.6 129.0 1769969208
0.1 16.1 39.2 1769969508
2.0 30.0 97.3 1769969808
-1.7 36.9 120.1 1769970108
6.7 22.2 84.8 1769970408
-2.0 11.1 140.2 1769970708
15.6 25.0 85.6 1769971008
26.5 5.3 102.2 1769971308
-4.1 44.0 121.5 1769971608
11.4 78.7 107.0 1769971908
15.2 87.6 44.6 1769972208
7.7 43.6 23.5 1769972508
28.1 64.4 36.8 1769972808
27.4 80.2 129.2 1769973108
24.6 97.4 92.6 1769973408
15.9 67.8 136.8 1769973708
29.3 56.8 114.5 1769974008
4.4 98.7 59.2 1769974308
21.4 93.0 104.1 1769974608
25.9 80.5 27.3 1769974908
11.5 82.2 80.3 1769975208
22.7 92.8 110.9 1769975508
-4.5 70.9 147.7 1769975808
26.5 2.9 26.0 1769976108
5.6 53.3 133.6 1769976408
7.8 52.6 18.3 1769976708
3.3 39.0 91.8 1769977008
20.8 63.9 116.4 1769977308
14.2 38.6 59.8 1769977608
19.8 68.7 9.1 1769977908
3.8 13.6 104.9 1769978208
13.4 26.3 68.4 1769978508
7.4 50.3 99.9 1769978808
9.6 67.1 95.0 1769979108
-1.3 93.4 11.9 1769979408
2.9 36.2 132.9 1769979708
-4.7 29.9 26.6 1769980008
25.6 75.2 135.6 1769980308
17.3 85.4 112.8 1769980608
-4.3 90.2 84.1 1769980908
11.4 17.8 49.4 1769981208
13.3 91.9 28.5 1769981508
0.1 10.1 68.6 1769981808
3.7 92.1 47.1 1769982108
8.2 59.0 109.0 1769982408
23.7 74.1 99.5 1769982708
-2.7 8.1 64.5 1769983008
-3.4 24.0 138.7 1769983308
26.1 56.2 72.8 1769983608
28.5 19.1 111.8 1769983908
19.9 19.2 79.5 1769984208
22.7 62.8 39.9 1769984508
23.9 80.5 48.7 1769984808
14.2 32.7 23.6 1769985108
5.4 26.7 71.5 1769985408
4.1 63.2 104.2 1769985708
29.3 72.9 77.4 1769986008
28.7 15.4 102.7 1769986308
25.2 23.5 134.1 1769986608
9.9 20.8 41.1 1769986908
7.7 97.8 40.2 1769987208
18.0 22.1 72.1 1769987508
5.9 23.5 107.8 1769987808
1.1 75.3 80.2 1769988108
0.8 9.9 49.7 1769988408
3.9 12.3 117.5 1769988708
29.5 45.7 50.1 1769989008
4.8 81.9 81.7 1769989308
17.0 26.5 134.9 1769989608
-0.7 81.8 112.2 1769989908
16.6 3.6 76.1 1769990208
10.3 6.5 122.6 1769990508
16.4 86.4 107.7 1769990808
13.0 83.5 33.6 1769991108
24.1 57.9 123.7 1769991408
26.1 48.2 25.2 1769991708
2.4 84.1 49.7 1769992008
23.6 47.5 33.5 1769992308
16.1 48.6 47.3 1769992608
16.1 27.2 56.6 1769992908
16.7 70.6 7.7 1769993208
7.9 53.3 129.2 1769993508
-0.6 53.0 31.4 1769993808
9.2 50.3 113.8 1769994108
12.0 29.3 39.7 1769994408
4.4 55.7 106.6 1769994708
16.7 72.3 44.4 1769995008
11.2 28.6 126.6 1769995308
24.1 61.6 91.7 1769995608
22.6 72.1 29.5 1769995908
-4.3 92.4 149.8 1769996208
1.0 19.7 93.5 1769996508
29.7 80.0 75.7 1769996808
24.2 15.8 93.2 1769997108
25.5 41.1 25.0 1769997408
0.9 34.0 102.3 1769997708
12.9 85.5 110.7 1769998008
27.7 10.6 13.7 1769998308
6.3 16.4 73.6 1769998608
14.8 96.4 78.7 1769998908
16.1 62.1 111.1 1769999208
9.6 85.7 148.1 1769999508
1.7 0.3 136.0 1769999808
28.6 81.2 45.1 1770000108
20.7 68.9 143.3 1770000408
2.6 59.5 131.3 1770000708
5.2 43.5 6.3 1770001008
5.4 40.8 122.6 1770001308
14.1 12.7 127.2 1770001608
8.9 30.4 126.6 1770001908
17.8 12.9 138.6 1770002208
9.4 64.1 37.2 1770002508
25.7 53.9 111.6 1770002808
2.7 89.4 77.0 1770003108
12.0 45.1 46.9 1770003408
24.4 12.1 122.5 1770003708
24.2 21.8 120.1 1770004008
-4.7 1.1 76.9 1770004308
5.3 4.7 7.0 1770004608
7.8 27.7 88.8 1770004908
-0.6 16.1 94.0 1770005208
8.6 21.3 52.3 1770005508
6.7 10.2 97.2 1770005808
-0.2 99.0 36.6 1770006108
-1.4 91.6 62.3 1770006408
12.9 80.4 118.2 1770006708
21.1 73.9 47.3 1770007008
-1.6 27.7 35.1 1770007308
16.5 71.6 133.4 1770007608
14.0 32.2 6.6 1770007908
26.4 72.0 69.4 1770008208
17.9 69.1 58.7 1770008508
4.5 52.2 62.1 1770008808
4.4 84.4 75.2 1770009108
6.8 95.9 13.3 1770009408
24.9 97.4 140.1 1770009708
11.1 13.0 70.0 1770010008
18.1 64.1 94.4 1770010308
-1.2 37.0 37.6 1770010608
9.6 44.3 99.8 1770010908
7.0 78.2 40.8 1770011208
29.5 0.7 50.5 1770011508
27.8 42.7 22.1 1770011808
15.1 51.4 85.5 1770012108
11.8 15.1 68.8 1770012408
22.4 53.2 135.3 1770012708
14.7 51.0 86.7 1770013008
22.0 84.1 85.1 1770013308
13.9 22.5 11.6 1770013608
21.1 77.2 79.8 1770013908
1.3 68.0 12.5 1770014208
10.0 18.7 144.7 1770014508
-0.6 35.5 70.6 1770014808
4.6 26.2 38.4 1770015108
19.8 52.5 9.1 1770015408
-3.7 16.6 104.6 1770015708
6.4 98.2 102.5 1770016008
26.4 67.9 71.0 1770016308
5.0 70.8 127.0 1770016608
22.7 38.1 138.2 1770016908
-3.9 38.8 111.6 1770017208
0.5 32.4 83.3 1770017508
-1.2 36.0 48.2 1770017808
6.4 61.6 0.4 1770018108
2.7 4.1 100.1 1770018408
9.7 29.2 51.8 1770018708
25.1 84.4 142.1 1770019008
21.9 14.9 2.2 1770019308
3.6 69.2 20.9 1770019608
24.4 5.6 60.2 1770019908
0.3 65.8 137.2 1770020208
11.3 0.0 64.1 1770020508
13.1 31.7 44.7 1770020808
25.2 58.6 80.8 1770021108
0.2 73.6 68.8 1770021408
7.6 62.2 64.9 1770021708
5.3 12.6 32.2 1770022008
14.8 55.9 98.2 1770022308
29.3 9.9 86.7 1770022608
22.9 74.3 92.4 1770022908
10.5 81.8 92.7 1770023208
19.1 99.1 88.2 1770023508
23.2 73.9 74.3 1770023808
-3.2 16.5 6.4 1770024108
27.0 21.0 100.4 1770024408
25.1 87.6 21.1 1770024708
16.5 51.7 17.9 1770025008
15.4 23.7 102.3 1770025308
12.6 57.4 27.6 1770025608
9.7 78.9 102.7 1770025908
23.5 80.7 102.7 1770026208
8.4 3.1 79.2 1770026508
0.9 86.5 82.8 1770026808
-1.4 30.8 45.8 1770027108
25.8 89.9 94.8 1770027408
7.2 22.9 30.7 1770027708
16.4 64.7 43.1 1770028008
3.9 40.6 114.6 1770028308
15.3 48.2 92.0 1770028608
12.9 3.4 61.2 1770028908
26.1 63.2 96.6 1770029208
15.4 24.7 57.4 1770029508
25.0 94.3 124.1 1770029808
2.5 15.9 143.9 1770030108
2.4 90.3 98.9 1770030408
6.0 58.0 119.4 1770030708
25.6 14.7 35.0 1770031008
7.2 72.9 47.6 1770031308
18.8 33.8 147.9 1770031608
29.7 72.7 50.4 1770031908
17.6 98.0 105.5 1770032208
10.1 4.8 80.9 1770032508
18.9 89.4 71.0 1770032808
16.6 24.5 100.9 1770033108
25.6 60.7 43.3 1770033408
13.6 65.5 96.1 1770033708
2.1 23.4 31.1 1770034008
11.1 65.1 123.3 1770034308
-1.7 24.5 129.6 1770034608
29.1 11.3 5.8 1770034908
-2.6 19.2 25.5 1770035208
23.1 15.0 16.5 1770035508
0.9 20.3 75.4 1770035808
26.5 17.1 134.6 1770036108
-3.6 89.7 100.6 1770036408
16.2 5.7 111.4 1770036708
-1.2 25.1 43.3 1770037008
16.8 74.5 71.0 1770037308
14.3 19.2 139.5 1770037608
5.8 19.2 26.3 1770037908
0.4 49.4 69.1 1770038208
25.0 82.5 55.4 1770038508
18.0 49.8 65.3 1770038808
-3.4 52.9 3.2 1770039108
25.5 17.6 66.6 1770039408
7.5 72.3 12.7 1770039708
12.9 57.1 143.6 1770040008
22.5 48.1 46.3 1770040308
15.3 69.7 15.6 1770040608
7.5 69.2 139.7 1770040908
28.7 68.1 53.8 1770041208
-1.8 64.3 41.7 1770041508
21.4 22.2 103.1 1770041808
11.0 90.9 132.6 1770042108
6.7 26.7 110.1 1770042408
16.2 65.3 120.2 1770042708
19.4 8.0 107.0 1770043008
8.9 93.0 142.5 1770043308
16.6 74.9 27.0 1770043608
19.8 82.7 56.8 1770043908
11.7 71.5 124.5 1770044208
8.6 69.8 137.6 1770044508
21.8 45.9 114.3 1770044808
29.6 26.4 69.1 1770045108
0.8 32.9 32.5 1770045408
28.2 77.7 64.5 1770045708
5.2 99.5 38.3 1770046008
-0.2 73.3 136.8 1770046308
24.9 64.3 127.2 1770046608
-1.2 51.6 140.1 1770046908
8.3 19.1 43.3 1770047208
-0.6 35.1 3.0 1770047508
1.9 91.2 143.0 1770047808
10.6 7.5 6.1 1770048108
0.7 59.5 39.1 1770048408
27.6 53.5 105.5 1770048708
-0.7 88.8 57.1 1770049008
2.5 36.9 16.5 1770049308
20.6 53.7 124.7 1770049608
20.2 79.7 118.4 1770049908
19.5 89.3 65.7 1770050208
23.1 13.6 104.7 1770050508
-4.1 54.3 32.0 1770050808
22.9 75.9 86.6 1770051108
7.3 47.2 111.3 1770051408
13.0 67.0 1.9 1770051708
30.0 14.7 79.0 1770052008
28.4 28.4 1.1 1770052308
24.1 16.4 115.2 1770052608
22.1 3.4 9.4 1770052908
18.9 57.2 71.8 1770053208
20.4 49.4 24.6 1770053508
27.9 76.9 32.6 1770053808
2.9 50.0 90.9 1770054108
11.8 12.3 17.6 1770054408
-0.1 37.6 92.8 1770054708
25.2 76.6 147.5 1770055008
-4.0 65.5 62.7 1770055308
-3.6 48.3 11.8 1770055608
-1.8 87.6 68.5 1770055908
25.4 66.8 3.7 1770056208
26.6 88.3 51.4 1770056508
-4.1 54.5 113.5 1770056808
11.4 58.9 63.0 1770057108
14.9 23.7 17.6 1770057408
26.1 11.3 118.6 1770057708
15.1 78.3 72.3 1770058008
1.4 7.7 10.7 1770058308
24.3 23.7 12.7 1770058608
28.6 49.8 71.5 1770058908
9.6 14.2 118.5 1770059208
-2.5 24.9 94.6 1770059508
27.1 44.5 103.5 1770059808
29.1 25.4 116.1 1770060108
-4.3 66.0 32.0 1770060408
17.9 44.0 63.3 1770060708
9.4 47.9 12.7 1770061008
2.6 87.5 87.9 1770061308
15.1 39.5 127.5 1770061608
13.7 48.8 75.2 1770061908
10.4 12.5 53.1 1770062208
8.2 84.0 118.7 1770062508
1.9 81.0 66.4 1770062808
15.6 85.6 144.0 1770063108
5.7 82.7 6.9 1770063408
0.0 75.4 80.1 1770063708
22.2 64.9 14.2 1770064008
10.0 21.5 48.0 1770064308
24.7 83.0 131.8 1770064608
16.0 64.3 56.3 1770064908
21.4 18.4 79.2 1770065208
-1.5 87.8 18.6 1770065508
-3.2 49.6 55.3 1770065808
20.4 32.4 41.0 1770066108
5.2 54.5 114.8 1770066408
6.3 62.9 1.5 1770066708
-4.4 18.1 35.6 1770067008
18.2 82.5 5.9 1770067308
28.5 14.7 62.1 1770067608
18.3 54.8 131.5 1770067908
20.1 16.5 24.4 1770068208
-3.9 64.9 64.6 1770068508
9.7 38.4 31.4 1770068808
-2.0 84.0 12.0 1770069108
0.5 27.6 132.1 1770069408
-0.7 6.1 55.4 1770069708
17.6 20.1 21.7 1770070008
8.6 90.0 66.7 1770070308
14.3 9.5 38.8 1770070608
21.5 93.8 62.1 1770070908
24.1 26.2 85.1 1770071208
0.4 82.9 25.9 1770071508
27.8 64.5 69.3 1770071808
1.1 24.9 76.1 1770072108
25.3 58.8 29.0 1770072408
29.8 2.8 21.7 1770072708
28.8 88.1 101.7 1770073008
20.5 36.2 40.6 1770073308
-2.5 83.1 114.1 1770073608
23.6 52.4 22.8 1770073908
18.6 30.8 7.7 1770074208
19.4 14.4 6.1 1770074508
22.9 94.0 41.9 1770074808
9.6 77.6 138.4 1770075108
18.3 60.6 62.4 1770075408
15.0 98.6 15.2 1770075708
29.4 67.1 142.8 1770076008
28.9 14.4 41.4 1770076308
4.0 66.3 75.3 1770076608
2.1 92.8 141.6 1770076908
17.6 59.3 99.5 1770077208
1.8 92.9 69.7 1770077508
11.7 24.6 81.8 1770077808
12.9 35.0 5.1 1770078108
11.0 17.9 75.9 1770078408
15.6 52.0 134.5 1770078708
13.7 51.3 68.3 1770079008
8.3 61.1 112.7 1770079308
2.7 68.4 61.2 1770079608
19.9 67.2 80.2 1770079908
25.8 22.0 20.0 1770080208
2.9 52.7 141.4 1770080508
24.4 39.4 112.9 1770080808
24.8 61.9 140.4 1770081108
4.2 87.7 122.5 1770081408
20.2 26.2 95.9 1770081708
5.3 79.5 47.2 1770082008
23.9 91.5 129.7 1770082308
25.6 55.8 18.3 1770082608
11.6 15.5 104.2 1770082908
21.1 91.4 106.3 1770083208
17.1 26.0 57.7 1770083508
0.0 93.2 9.1 1770083808
26.5 86.1 56.6 1770084108
20.5 88.2 144.8 1770084408
24.2 92.6 93.9 1770084708
21.3 10.8 30.0 1770085008
-5.0 47.2 25.8 1770085308
-2.4 26.0 47.3 1770085608
26.4 8.6 7.2 1770085908
26.4 33.2 127.2 1770086208
1.7 90.6 30.6 1770086508
13.6 78.2 17.0 1770086808
0.0 63.7 142.7 1770087108
19.0 10.0 25.3 1770087408
28.8 73.8 22.6 1770087708
24.4 4.1 19.8 1770088008
6.7 78.5 103.4 1770088308
1.3 75.4 89.3 1770088608
24.1 98.9 61.7 1770088908
29.4 58.8 104.5 1770089208
15.0 99.6 52.6 1770089508
12.7 12.0 61.8 1770089808
5.1 92.1 113.5 1770090108
26.6 35.3 1.1 1770090408
27.9 18.3 57.5 1770090708
6.5 18.0 8.9 1770091008
23.2 64.6 75.2 1770091308
7.9 86.7 0.9 1770091608
27.8 86.0 4.7 1770091908
4.8 52.9 33.6 1770092208
22.9 89.8 148.8 1770092508
8.7 73.9 12.1 1770092808
19.8 13.1 119.8 1770093108
5.8 16.8 32.5 1770093408
-2.2 5.6 60.5 1770093708
10.8 63.3 25.6 1770094008
9.0 59.3 116.2 1770094308
9.2 16.1 113.5 1770094608
22.3 32.0 122.7 1770094908
12.1 30.7 85.8 1770095208
14.0 62.5 77.5 1770095508
22.3 78.8 42.8 1770095808
1.4 80.9 13.0 1770096108
-0.6 40.0 41.8 1770096408
22.2 41.2 106.1 1770096708
14.0 98.1 92.8 1770097008
5.3 67.2 117.5 1770097308
23.5 19.9 36.1 1770097608
28.2 81.8 61.9 1770097908
9.4 6.7 9.2 1770098208
22.7 37.2 9.5 1770098508
-2.8 47.6 22.3 1770098808
-1.0 89.9 22.0 1770099108
21.4 37.1 92.5 1770099408
3.1 12.0 112.6 1770099708
14.4 82.9 47.0 1770100008
6.3 80.1 42.7 1770100308
4.9 65.1 36.8 1770100608
-1.3 73.1 145.9 1770100908
13.0 73.8 37.5 1770101208
20.2 79.2 148.2 1770101508
4.9 30.5 23.3 1770101808
6.2 28.3 48.1 1770102108
14.5 33.3 56.9 1770102408
0.9 85.4 4.2 1770102708
-1.5 42.4 10.5 1770103008
7.9 29.4 79.8 1770103308
7.2 63.7 14.3 1770103608
22.6 63.0 76.2 1770103908
13.7 2.4 141.1 1770104208
-4.6 73.2 74.1 1770104508
-2.1 46.1 93.9 1770104808
27.4 94.0 131.2 1770105108
-4.7 82.9 86.1 1770105408
9.0 77.8 111.4 1770105708
2.1 62.5 43.1 1770106008
29.2 10.9 57.2 1770106308
11.6 91.9 46.9 1770106608
4.2 94.7 36.5 1770106908
25.2 21.0 28.7 1770107208
6.9 7.6 57.0 1770107508
12.8 46.6 54.6 1770107808
11.5 97.7 97.5 1770108108
25.7 87.5 80.1 1770108408
11.1 31.9 17.3 1770108708
0.4 91.8 15.6 1770109008
14.5 5.9 44.4 1770109308
4.4 43.0 26.7 1770109608
9.5 2.4 115.2 1770109908
13.6 6.1 100.5 1770110208
29.1 14.6 147.5 1770110508
-0.2 62.7 73.4 1770110808
14.0 49.0 26.9 1770111108
16.6 50.1 112.8 1770111408
17.8 67.3 121.5 1770111708
18.2 37.6 72.6 1770112008
20.3 63.0 7.5 1770112308
-2.5 31.7 87.3 1770112608
9.2 43.7 34.6 1770112908
22.1 82.8 34.8 1770113208
1.9 79.6 109.7 1770113508
-4.3 79.9 15.1 1770113808
5.3 57.7 122.0 1770114108
15.8 29.1 114.2 1770114408
4.3 69.4 76.1 1770114708
15.2 46.7 7.9 1770115008
25.8 19.6 8.2 1770115308
8.2 71.8 7.8 1770115608
25.7 22.6 7.5 1770115908
23.7 58.2 75.7 1770116208
4.1 1.8 48.5 1770116508
-3.2 8.4 131.1 1770116808
7.8 77.1 111.1 1770117108
27.3 16.9 12.8 1770117408
8.4 57.6 24.6 1770117708
-4.6 39.2 134.6 1770118008
29.2 4.6 6.6 1770118308
3.6 1.6 83.6 1770118608
-4.0 7.2 59.7 1770118908
9.0 89.3 22.6 1770119208
29.3 89.3 45.6 1770119508
7.9 92.3 31.4 1770119808
27.0 61.4 129.3 1770120108
24.7 77.7 92.1 1770120408
16.0 64.4 72.1 1770120708
28.2 30.4 125.6 1770121008
28.5 88.8 60.7 1770121308
9.8 67.6 120.4 1770121608
5.2 87.8 30.3 1770121908
7.9 66.7 18.9 1770122208
12.6 17.6 3.3 1770122508
7.4 16.3 128.3 1770122808
10.8 43.6 17.3 1770123108
6.3 15.8 38.2 1770123408
25.1 18.5 2.7 1770123708
19.4 22.8 143.8 1770124008
-1.5 29.9 146.1 1770124308
0.2 71.1 144.9 1770124608
28.8 53.7 68.3 1770124908
3.5 16.8 116.6 1770125208
0.7 11.1 32.5 1770125508
12.3 94.7 139.2 1770125808
25.6 27.8 41.5 1770126108
19.1 95.8 83.2 1770126408
8.4 5.7 25.7 1770126708
